
   #      id    item   type  world   room   ridx   event   gidx
------------------------------------------------------------------------
   0     245     280  Chest      8      0      0    8228      1
   1     497       3  Chest      8      0      1    8228    367
   2     498     345  Chest      8      0      2    8228    368
   3      21       2  Chest      8      2      0    8228      9
   4     121     345  Chest      8      2      1    8228     10
   5      22     325  Chest      8      3      0    8228     11
   6      23     450  Chest      8      3      1    8228     12
   7     122       3  Chest      8      3      2    8228     13
   8     123     345  Chest      8      3      3    8228     14
   9     124     279  Chest      8      5      0    8228     15
  10     125     280  Chest      8      5      1    8228     16
  11      24     378  Chest      8      6      0    8228     17
  12     126     279  Chest      8      6      1    8228     18
  13      25      32  Chest      8     11    100    8256     19
  14     127     130  Chest      8     11    101    8256     20
  15      26     279  Chest      8     11      0    8256     21
  16      27     477  Chest      8     11      1    8256     22
  17     128     279  Chest      8     11      2    8256     23
  18     129     141  Chest      8     11      3    8256     24
  19     130     348  Chest      8     11      4    8256     25
  20     131     377  Chest      8     11      5    8256     26
  21      28     280  Chest      7      0      0    7203     27
  22      29     345  Chest      7      0      1    7203     28
  23      30       2  Chest      7      0      2    7203     29
  24     132     279  Chest      7      0      3    7203     30
  25     133     346  Chest      7      0      4    7203     31
  26     249     345  Chest      7      0      5    7203     32
  27     501     357  Chest      7      0      6    7203    371
  28      31     347  Chest      7      1      0    7203     33
  29      32     329  Chest      7      1      1    7203     34
  30      33       2  Chest      7      1      2    7203     35
  31     134     279  Chest      7      1      3    7203     36
  32     135     345  Chest      7      1      4    7203     37
  33     136      38  Chest      7      6    100    7203     38
  34     520     346  Chest      7      6      0    7203    381
  35     250     330  Chest      7      7      0    7203     39
  36     251     345  Chest      7      7      1    7203     40
  37      35     346  Chest      7     12      0    7203     42
  38      36     279  Chest      7     12      1    7203     43
  39     137     345  Chest      7     12      2    7203     44
  40     138       2  Chest      7     12      3    7203     45
  41     487     121  Chest      7     13    100    7203    359
  42      37     279  Chest      7     13      0    7203     46
  43     502     279  Chest      7     10      0    7203    372
  44     503     359  Chest      7     10      1    7203    373
  45      34      32  Chest      7     11    100    7190     41
  46     486     122  Chest      7     11    101    7190    358
  47      79     114  Chest     13      0    100   13313     48
  48      12     378  Chest     13      0      0   13313     49
  49      81     345  Chest     13      1      0   13313     51
  50      82       2  Chest     13      1      1   13313     52
  51      83     346  Chest     13      2      0   13313     53
  52      84     279  Chest     13      2      1   13313     54
  53      85     379  Chest     13      2      2   13313     55
  54      16     345  Chest     12      3      0   12290     65
  55      17     449  Chest     12      3      1   12290     66
  56      18     279  Chest     12      3      2   12290     67
  57      92     346  Chest     12      3      3   12290     68
  58      93     318  Chest     12      3      4   12290     69
  59     247     317  Chest     12      3      5   12290     70
  60     248     345  Chest     12      3      6   12290     71
  61      91      32  Chest     12      1    100   12290     64
  62     313     125  Chest      9      2    100    9217    239
  63      97     279  Chest      9      2      0    9217     76
  64      98     346  Chest      9      2      1    9217     77
  65     105     278  Chest      9      4    100    9276     84
  66     103     279  Chest      9      4      0    9276     82
  67     104     347  Chest      9      4      1    9276     83
  68     314      65  Chest      9      3    100    9279    240
  69     100     348  Chest      9      3      0    9279     79
  70     101     279  Chest      9      3      1    9279     80
  71     108     277  Chest      9      5    100    9282     87
  72     106     279  Chest      9      5      0    9282     85
  73     107     377  Chest      9      5      1    9282     86
  74     110     347  Chest      9      9      1    9284     89
  75     111     279  Chest      9      9      2    9284     90
  76     112     377  Chest      9      9      3    9284     91
  77     113     452  Chest      9      9      4    9284     92
  78     115     348  Chest      9      9      6    9284     94
  79     116     279  Chest      9      9      7    9284     95
  80     312      52  Chest      9      1    100    9287    238
  81      94     475  Chest      9      1      0    9287     73
  82     242     276  Chest      6      3    100    6145     96
  83       7     345  Chest      6     15      1    6145    110
  84       8     346  Chest      6     15      2    6145    111
  85     144       3  Chest      6     15      3    6145    112
  86     145     279  Chest      6     15      4    6145    113
  87     146       2  Chest      6     15      5    6145    114
  88       2     135  Chest      6     10    100    6145    100
  89     243     345  Chest      6     10      0    6145     99
  90       3     333  Chest      6     11      0    6145    101
  91      11     279  Chest      6     11      1    6145    102
  92     504     345  Chest      6     11      2    6145    374
  93       9     349  Chest      6     16      0    6145    115
  94      10       3  Chest      6     16      1    6145    116
  95     148     345  Chest      6     16      2    6145    117
  96     149     346  Chest      6     16      3    6145    118
  97     150     334  Chest      6     17      0    6145    119
  98     151     279  Chest      6     17      1    6145    120
  99     244     136  Chest      6     12    100    6145    108
 100       5     345  Chest      6     12      1    6145    104
 101     142     279  Chest      6     12      3    6145    106
 102      39     279  Chest      5      6      0    5121    125
 103      40       2  Chest      5      6      1    5121    126
 104     505     345  Chest      5      6      2    5121    375
 105      46      90  Chest      5      2    100    5121    122
 106     240     382  Chest      5      2      0    5121    123
 107      63     345  Chest      5      7      0    5121    127
 108     155     131  Chest      5      7      1    5121    128
 109      41       2  Chest      5      8      0    5121    129
 110     206     345  Chest      5      8      1    5121    130
 111     207     329  Chest      5      8      2    5121    131
 112     208     345  Chest      5      8      3    5121    132
 113     158     279  Chest      5      8      4    5121    133
 114     159     350  Chest      5      8      5    5121    376
 115     239      91  Chest      5     10    100    5121    136
 116      43     279  Chest      5     10      0    5121    137
 117      44     345  Chest      5     12      0    5121    138
 118     168       2  Chest      5     12      3    5121    141
 119      45     333  Chest      5     12      1    5121    139
 120      42     345  Chest      5      9      0    5121    134
 121     164     131  Chest      5      9      1    5121    135
 122     241     317  Chest      5      3      0    5121    124
 123     316     254  Chest     17      0    100   17409    242
 124      64     348  Chest     17      0      0   17409    142
 125      65     283  Chest     17      1      0   17409    145
 126     171     346  Chest     17      1      1   17409    146
 127     253     347  Chest     17      1      2   17409    147
 128     521     381  Chest     17      1      3   17409    382
 129      49     332  Chest     17      4      0   17409    148
 130      50     279  Chest     17      4      1   17409    149
 131     255     515  Chest     17      5    100   17409    153
 132     499      79  Chest     17      5    101   17409    369
 133     177     279  Chest     17      8      0   17429    156
 134     178     361  Chest     17      8      1   17429    157
 135      51      56  Chest     17      8    100   17429    158
 136     488     516  Chest     17      8    101   17429    360
 137      53     345  Chest     14      2      0   14364    162
 138     212     359  Chest     14      2      1   14364    163
 139     211     250  Chest     14      1    100   14364    161
 140     209     346  Chest     14      0      0   14364    159
 141     210     353  Chest     14      0      1   14364    160
 142      54     325  Chest     14      4      0   14364    164
 143     213     346  Chest     14      4      1   14364    165
 144     214     279  Chest     14      4      2   14364    166
 145      55       5  Chest     14      6      0   14364    168
 146      56     347  Chest     14      6      1   14364    169
 147     216     326  Chest     14      6      2   14364    170
 148     217     346  Chest     14      6      3   14364    171
 149      57     509  Chest     14      8    100   14364    174
 150      58     279  Chest     14      8      0   14364    172
 151      70     251  Chest     16      0    100   16388    177
 152     219     346  Chest     16      0      0   16388    178
 153     220     280  Chest     16      0      1   16388    179
 154      71     281  Chest     16      2      0   16388    180
 155      72     279  Chest     16      2      1   16388    181
 156      73     345  Chest     16      2      2   16388    182
 157     221     347  Chest     16      2      3   16388    183
 158      74     349  Chest     16      9      0   16388    185
 159     223     345  Chest     16      9      1   16388    186
 160     369     279  Chest     16     12      0   16388    247
 161     370     279  Chest     16     12      1   16388    248
 162      75     345  Chest     16     13      0   16388    188
 163     224     359  Chest     16     13      1   16388    189
 164     371     330  Chest     16     13      2   16388    249
 165     252     160  Chest     16     11    100   16415    187
 166      76     279  Chest     16     14      0   16415    190
 167     225     377  Chest     16     14      1   16415    191
 168     372     150  Chest     16     14      2   16415    250
 169      77     359  Chest     16     15      0   16415    192
 170      78     478  Chest     16     15      1   16415    193
 171     373     348  Chest     16     15      2   16415    251
 172     194     274  Chest      4      9      0    4097    209
 173     195     279  Chest      4      9      1    4097    210
 174     196       2  Chest      4      9      2    4097    211
 175     305     345  Chest      4      9      3    4097    231
 176     506     280  Chest      4      9      4    4097    377
 177     310     513  Chest      4      6    100    4213    236
 178     189     347  Chest      4      6      0    4213    204
 179     190     279  Chest      4      6      1    4213    205
 180     200     346  Chest      4     11      0    4213    215
 181     201     348  Chest      4     11      1    4213    216
 182     202     283  Chest      4     11      2    4213    217
 183     307     279  Chest      4     11      4    4213    233
 184     184     451  Chest      4      5      0    4213    199
 185     183      25  Chest      4      5    100    4115    198
 186     309     476  Chest      4     18      0    4226    235
 187     507     279  Chest      4     18      1    4226    378
 188     179      32  Chest      4      3    100    4226    194
 189     489     514  Chest      4      3    101    4226    361
 190     180     356  Chest      4      3      0    4226    195
 191     181     279  Chest      4      3      1    4226    196
 192     491     489  Chest      4      6    101    4219    363
 193     311     308  Chest      4     12    100    4195    237
 194     492     512  Chest     10      6    100   10241    364
 195     404     282  Chest     10      6      0   10241    280
 196     405     346  Chest     10      6      1   10241    281
 197     401     380  Chest     10      5      0   10241    277
 198     402     346  Chest     10      5      1   10241    278
 199     403     350  Chest     10      5      2   10241    279
 200     508     279  Chest     10      5      3   10241    379
 201     509     345  Chest     10      5      4   10241    380
 202     418     252  Chest     10      0    100   10241    291
 203     392     346  Chest     10      0      0   10241    268
 204     393     360  Chest     10      0      1   10241    269
 205     396     354  Chest     10      3      0   10241    272
 206     397     279  Chest     10      3      1   10241    273
 207     398     347  Chest     10      3      2   10241    274
 208     399     346  Chest     10      3      3   10241    275
 209     400     335  Chest     10      3      4   10241    276
 210     406     345  Chest     10      7      0   10241    282
 211     407     359  Chest     10      7      1   10241    283
 212     408     346  Chest     10      7      2   10241    284
 213     409     359  Chest     10      8      0   10241    285
 214     410     346  Chest     10      8      1   10241    286
 215     411     360  Chest     10      8      2   10241    287
 216     412     511  Chest     10      9    100   10241    288
 217     493      32  Chest     10      9    101   10241    365
 218     413     279  Chest     10      9      0   10241    289
 219     315       1  Chest      2     32      0    2048    241
 220     472       1  Chest      2     33      0    2048    345
 221     428       1  Chest      2      9      0    2048    301
 222     429       2  Chest      2      9      1    2048    302
 223     430       1  Chest      2      9      2    2048    303
 224     434       8  Chest      2     10      0    2048    307
 225     435       2  Chest      2     10      1    2048    308
 226     436       1  Chest      2     10      2    2048    309
 227     437       1  Chest      2     10      3    2048    310
 228     449       2  Chest      2     15      0    2048    322
 229     450       1  Chest      2     15      1    2048    323
 230     451       1  Chest      2     15      2    2048    324
 231     455      67  Chest      2     16      0    2048    328
 232     456       1  Chest      2     16      1    2048    329
 233     459       2  Chest      2     17      0    2048    332
 234     463       2  Chest      2     22      0    2048    336
 235     447       1  Chest      2     14     10    2256    320
 236     448     345  Chest      2     14     11    2256    321
 237     442       1  Chest      2     13     10    2256    315
 238     443     345  Chest      2     13     11    2256    316
 239     444       2  Chest      2     13     12    2256    317
 240     420       2  Chest      2      7     10    2256    293
 241     421     279  Chest      2      7     11    2256    294
 242     422     131  Chest      2      7     12    2256    295
 243     423     345  Chest      2      7     13    2256    296
 244     424       1  Chest      2      7     14    2256    297
 245     425     345  Chest      2      7     15    2256    298
 246     484       1  Chest      2      7     16    2256    357
 247     431     131  Chest      2      9     10    2256    304
 248     432       2  Chest      2      9     11    2256    305
 249     433     345  Chest      2      9     12    2256    306
 250     465       1  Chest      2     25     10    2210    338
 251     466       2  Chest      2     25     11    2210    339
 252     522       3  Chest      2     25     12    2210    383
 253     467       3  Chest      2     26     10    2210    340
 254     468     345  Chest      2     26     11    2210    341
 255     469     533  Chest      2     27    110    2210    342
 256     470     346  Chest      2     28     10    2210    343
 257     479     347  Chest      2     37     10    2286    352
 258     480     377  Chest      2     37     11    2286    353
 259     481     279  Chest      2     37     12    2286    354
 260     482     348  Chest      2     37     13    2286    355
 261     477     377  Chest      2     36     10    2286    350
 262     478     348  Chest      2     36     11    2286    351
 263     438     361  Chest      2     10     10    2286    311
 264     439     345  Chest      2     10     11    2286    312
 265     440     348  Chest      2     10     12    2286    313
 266     441     279  Chest      2     10     13    2286    314
 267     452     348  Chest      2     15     10    2286    325
 268     453     346  Chest      2     15     11    2286    326
 269     454     360  Chest      2     15     12    2286    327
 270     457     348  Chest      2     16     10    2286    330
 271     458     346  Chest      2     16     11    2286    331
 272     460     377  Chest      2     17     10    2286    333
 273     464     479  Chest      2     22     10    2286    337
 274     374     346  Chest     18      2      0   18437    252
 275     375     348  Chest     18      2      1   18437    253
 276     376     279  Chest     18      2      2   18437    254
 277     377     377  Chest     18      2      3   18437    255
 278     391     348  Chest     18      3      0   18437    267
 279     523     279  Chest     18      3      1   18437    384
 280     524     346  Chest     18      3      2   18437    385
 281     335     256  Chest     18      4    100   18437    245
 282     500     361  Chest     18      4      0   18437    370
 283     378     347  Chest     18      6      0   18437    256
 284     379     377  Chest     18      6      1   18437    257
 285     336     111  Chest     18      9    100   18437    246
 286     380     347  Chest     18     12      0   18437    258
 287     381     377  Chest     18     12      1   18437    259
 288     382     348  Chest     18     12      2   18437    260
 289     385     346  Chest     18     17      0   18437    263
 290     386     279  Chest     18     17      1   18437    264
 291     387     348  Chest     18     17      2   18437    265
 292     388     377  Chest     18     17      3   18437    266
 293     562     279  Chest      4     21      0    4126    386
 294     563     332  Chest      4     21      1    4126    387
 295     564     381  Chest      4     21      2    4126    388
 296     565     585  Chest      4     21      3    4126    389
 297     566     279  Chest      4     21      4    4126    390
 298     567     578  Chest      4     21      5    4126    391
 299     568     359  Chest      4     22      0    4126    392
 300     569     279  Chest      4     22      1    4126    393
 301     570     360  Chest      4     22      2    4126    394
 302     571     585  Chest      4     22      3    4126    395
 303     572     359  Chest      4     22      4    4126    396
 304     573     586  Chest      4     22    100    4126    397
 305     574     360  Chest      4     23      0    4126    398
 306     575     579  Chest      4     23      1    4126    399
 307     576     279  Chest      4     23      2    4126    400
 308     577     585  Chest      4     23      3    4126    401
 309     578     279  Chest      4     24      0    4126    402
 310     579     279  Chest      4     24      1    4126    403
 311     580     590  Chest      4     24    100    4126    404
 312     581     276  Chest      4     24    101    4126    405
 313     582     277  Chest      4     24    102    4126    406
 314     585     592  Chest      4     26    100    4126    409
 315     586     584  Chest      4     26    101    4126    410
 316     590     594  Chest      4     26    102   18487    411
 317     288     362  Event      2      0      0    2100      0
 318     389     305  Event      2      0      0    2145      0
 319     390      53  Event      2      0      0    2145      0
 320     519     538  Event      2      0      0    2143      0
 321     319     255  Event      2      0      0    2098      0
 322     289     368  Event      2      0      0    2181      0
 323     483     532  Event      2      0      0    2181      0
 324     290     535  Event      2      0      0    2202      0
 325     291     363  Event      2      0      0    2202      0
 326     304     480  Event      2      0      0    2217      0
 327     286      26  Event      2      0      0    2217      0
 328     362     253  Event      4      0      0    4100      0
 329     256     369  Event      4      0      0    4156      0
 330     292      22  Event      4      0      0       0      0
 331     415       2  Event      8      0      0    8236      0
 332     416     345  Event      8      0      0    8270      0
 333     417     279  Event      8      0      0    8240      0
 334     350     112  Event      8      0      0    8229      0
 335     495     113  Event      8      0      0    8244      0
 336     257     481  Event      8      0      0    8210      0
 337     299      24  Event      5      0      0    5126      0
 338     258     383  Event      4      0      0       0      0
 339     338     134  Event      6      0      0    6166      0
 340     293     370  Event      6      0      0    6174      0
 341     260     484  Event      6      0      0    6191      0
 342     261     485  Event     13      0      0   13338      0
 343     513      78  Event      6      0      0    6185      0
 344     540     359  Event      6      0      0    6185      0
 345     332     119  Event     12      0      0   12317      0
 346     262      27  Event     12      0      0   12303      0
 347     368     518  Event     13      0      0   13331      0
 348     329     507  Event     16      0      0   16403      0
 349     263     486  Event     16      0      0   16414      0
 350     353     120  Event      7      0      0    7170      0
 351     300     159  Event      7      0      0    7187      0
 352     301      87  Event     14      0      0   14361      0
 353     264     487  Event     10      0      0   10257      0
 354     302      21  Event     10      0      0   10262      0
 355     515     154  Event      6      0      0    6185      0
 356     542     360  Event      6      0      0    6185      0
 357     294     364  Event      2      0      0    2227      0
 358     265      42  Event      2      0      0    2232      0
 359     543     563  Event      2      0      0    2232      0
 360     266      31  Event      4      0      0    4118      0
 361     267     488  Event     17      0      0   17427      0
 362     361      24  Event      4      0      0    4170      0
 363     269     375  Event      4      0      0    4248      0
 364     511     376  Event      4      0      0    4248      0
 365     367     123  Event     11      0      0   11267      0
 366     270     490  Event      5      0      0    5192      0
 367     325      92  Event      5      0      0    5192      0
 368     296     372  Event     16      0      0   16422      0
 369     331     508  Event     16      0      0   16422      0
 370     295     371  Event      6      0      0    6255      0
 371     272     491  Event      6      0      0    6207      0
 372     514     145  Event      6      0      0    6185      0
 373     541      39  Event      6      0      0    6185      0
 374     303     492  Event      7      0      0    7226      0
 375     297     373  Event     14      0      0   14376      0
 376     298     374  Event     14      0      0   14379      0
 377     275     493  Event     14      0      0   14384      0
 378     287     496  Event     11      0      0   11306      0
 379     279      22  Event     11      0      0   11296      0
 380     538     361  Event     11      0      0   11296      0
 381     284     495  Event      9      0      0    9254      0
 382     485     129  Event      9      0      0    9254      0
 383     285      24  Event      9      0      0    9261      0
 384     539     361  Event      9      0      0    9261      0
 385     276     494  Event      4      0      0    4204      0
 386     282     499  Event      4      0      0    4223      0
 387     516     497  Event      6      0      0    6185      0
 388     517     361  Event      6      0      0    6185      0
 389     317     498  Event      2      0      0    2249      0
 390     277     543  Event     18      0      0   18441      0
 391     278      43  Event     18      0      0   18452      0
 392     496     536  Event     18      0      0   18452      0
 393     518     537  Event      6      0      0    6185      0
 394     525     226  Event      4      0      0       0      0
 395     526     227  Event      2      0      0       0      0
 396     527     228  Event     18      0      0       0      0
 397     528     229  Event     16      0      0       0      0
 398     529     230  Event      6      0      0       0      0
 399     530     231  Event      5      0      0       0      0
 400     531     232  Event      4      0      0       0      0
 401     532     233  Event     18      0      0       0      0
 402     533     234  Event     18      0      0       0      0
 403     534     235  Event      2      0      0       0      0
 404     535     236  Event     18      0      0       0      0
 405     536     237  Event     18      0      0       0      0
 406     537     238  Event     18      0      0       0      0
 407     544     464  Event      4      0      0       0      0
 408     545     465  Event      4      0      0       0      0
 409     546     466  Event      4      0      0       0      0
 410     547     467  Event      4      0      0       0      0
 411     548     468  Event      4      0      0       0      0
 412     549     584  Event      4      0      0       0      0
 413     550     584  Event      4      0      0       0      0
 414     551     584  Event      4      0      0       0      0
 415     552     584  Event      4      0      0       0      0
 416     553     584  Event      4      0      0       0      0
 417     560     279  Event      4      0      0       0      0
 418     559     278  Event      5      0      0       0      0
 419     561     277  Event      2      0      0       0      0
 420     554     276  Event     18      0      0       0      0
 421     555     278  Event     18      0      0       0      0
 422     556     278  Event     18      0      0       0      0
 423     557     279  Event     18      0      0       0      0
 424     558     277  Event     18      0      0       0      0
 425     587     593  Event     12      0      0       0      0
 426     591     585  Event     12      0      0       0      0
 427     588     544  Event      4      0      0       0      0
 428     589     595  Event      4      0      0       0      0
 429      69      24  Event      0      0      0    6144      0